     0/299       18G      2.12      2.53      0.87      5.52        23       416     0.521     0.768     0.698      0.61      2.02      1.34     0.512
     1/299       18G      2.17      2.41      0.88      5.47        22       416     0.518     0.749      0.68     0.605      2.13       1.3     0.555
     2/299       18G      2.25      2.27     0.912      5.43        19       352     0.532     0.723     0.657     0.602      2.16      1.27     0.622
     3/299       18G      2.28      2.21     0.956      5.45        21       448     0.512     0.722     0.657      0.59      2.22      1.28      0.65
     4/299       18G      2.32      2.27      1.01       5.6        36       544     0.514     0.704     0.639     0.584      2.23       1.3     0.736
     5/299       18G      2.35      2.29      1.06       5.7        49       608     0.507     0.685     0.626     0.574      2.29      1.32     0.767
     6/299       18G      2.41      2.35      1.15      5.91        21       416     0.503     0.657     0.598      0.56      2.37      1.37     0.887
     7/299       18G      2.44      2.33      1.23         6        26       480     0.513     0.634     0.582     0.555      2.46      1.38     0.938
     8/299       18G      2.51      2.42      1.33      6.26        40       384     0.474     0.617     0.546     0.518       2.5      1.42       1.1
     9/299       18G      2.56      2.46      1.45      6.48        14       352     0.434     0.593     0.516     0.492       2.6      1.46      1.17
